   20
Platypus   0.000000 0.215816 0.364902 0.323106 0.330010 0.374776 0.334228
 0.375870 0.418769 0.363343 0.422551 0.363625 0.357042 0.314486 0.398158
 0.348596 0.374198 0.386007 0.325492 0.361673
Echidna    0.215816 0.000000 0.338202 0.305069 0.345662 0.399699 0.319848
 0.369228 0.397935 0.358908 0.396035 0.339904 0.345969 0.318199 0.409313
 0.341531 0.327700 0.361915 0.291694 0.335808
Opossum    0.364902 0.338202 0.000000 0.264056 0.256791 0.364540 0.299093
 0.339152 0.381840 0.337583 0.389387 0.321170 0.339044 0.302187 0.355201
 0.318767 0.330978 0.316179 0.319824 0.339456
Wallaby    0.323106 0.305069 0.264056 0.000000 0.244064 0.361928 0.304468
 0.330012 0.333194 0.309051 0.337785 0.325844 0.306372 0.297857 0.375916
 0.306660 0.315423 0.332308 0.308059 0.309419
Bandicoot  0.330010 0.345662 0.256791 0.244064 0.000000 0.336562 0.286352
 0.328119 0.374365 0.276052 0.353551 0.328528 0.331283 0.272336 0.335868
 0.311950 0.312702 0.344510 0.302075 0.316329
Elephant   0.374776 0.399699 0.364540 0.361928 0.336562 0.000000 0.318032
 0.355818 0.334634 0.337620 0.393853 0.369957 0.337800 0.353335 0.395240
 0.335408 0.325831 0.336646 0.348457 0.331624
Aardvark   0.334228 0.319848 0.299093 0.304468 0.286352 0.318032 0.000000
 0.303635 0.316773 0.268037 0.315076 0.280665 0.263752 0.292510 0.345367
 0.295500 0.277512 0.274184 0.261290 0.312745
Tenrec     0.375870 0.369228 0.339152 0.330012 0.328119 0.355818 0.303635
 0.000000 0.377885 0.308056 0.398622 0.365128 0.333707 0.323463 0.355532
 0.323692 0.315794 0.318852 0.315913 0.336306
Sloth      0.418769 0.397935 0.381840 0.333194 0.374365 0.334634 0.316773
 0.377885 0.000000 0.273648 0.344235 0.334558 0.330134 0.333934 0.421136
 0.314232 0.307498 0.347967 0.312729 0.328249
Armadillo  0.363343 0.358908 0.337583 0.309051 0.276052 0.337620 0.268037
 0.308056 0.273648 0.000000 0.322598 0.288955 0.282767 0.269567 0.324051
 0.287291 0.290165 0.283780 0.258061 0.270992
Human      0.422551 0.396035 0.389387 0.337785 0.353551 0.393853 0.315076
 0.398622 0.344235 0.322598 0.000000 0.354065 0.325696 0.325392 0.402415
 0.330538 0.293223 0.326403 0.330300 0.355754
Tree_shrew 0.363625 0.339904 0.321170 0.325844 0.328528 0.369957 0.280665
 0.365128 0.334558 0.288955 0.354065 0.000000 0.313950 0.284228 0.377712
 0.285404 0.300415 0.287055 0.273740 0.330248
Rabbit     0.357042 0.345969 0.339044 0.306372 0.331283 0.337800 0.263752
 0.333707 0.330134 0.282767 0.325696 0.313950 0.000000 0.287204 0.353410
 0.280846 0.265964 0.279811 0.298428 0.302021
Mouse      0.314486 0.318199 0.302187 0.297857 0.272336 0.353335 0.292510
 0.323463 0.333934 0.269567 0.325392 0.284228 0.287204 0.000000 0.332176
 0.267980 0.267162 0.290207 0.256197 0.305205
Hedgehog   0.398158 0.409313 0.355201 0.375916 0.335868 0.395240 0.345367
 0.355532 0.421136 0.324051 0.402415 0.377712 0.353410 0.332176 0.000000
 0.346541 0.350285 0.339806 0.347975 0.390392
Flying_fox 0.348596 0.341531 0.318767 0.306660 0.311950 0.335408 0.295500
 0.323692 0.314232 0.287291 0.330538 0.285404 0.280846 0.267980 0.346541
 0.000000 0.244775 0.279244 0.228304 0.269997
Cat        0.374198 0.327700 0.330978 0.315423 0.312702 0.325831 0.277512
 0.315794 0.307498 0.290165 0.293223 0.300415 0.265964 0.267162 0.350285
 0.244775 0.000000 0.253763 0.248287 0.280038
Dog        0.386007 0.361915 0.316179 0.332308 0.344510 0.336646 0.274184
 0.318852 0.347967 0.283780 0.326403 0.287055 0.279811 0.290207 0.339806
 0.279244 0.253763 0.000000 0.237997 0.282530
Pig        0.325492 0.291694 0.319824 0.308059 0.302075 0.348457 0.261290
 0.315913 0.312729 0.258061 0.330300 0.273740 0.298428 0.256197 0.347975
 0.228304 0.248287 0.237997 0.000000 0.221229
Whale      0.361673 0.335808 0.339456 0.309419 0.316329 0.331624 0.312745
 0.336306 0.328249 0.270992 0.355754 0.330248 0.302021 0.305205 0.390392
 0.269997 0.280038 0.282530 0.221229 0.000000
   20
Platypus   0.000000 0.217573 0.365927 0.324917 0.331084 0.374543 0.335315
 0.378826 0.418019 0.364144 0.423735 0.366492 0.359596 0.314367 0.399386
 0.350469 0.377364 0.389467 0.326627 0.363399
Echidna    0.217573 0.000000 0.338912 0.307547 0.347330 0.400277 0.321065
 0.372593 0.397916 0.360286 0.396242 0.342709 0.348929 0.318683 0.410683
 0.344103 0.330120 0.364661 0.292367 0.336983
Opossum    0.365927 0.338912 0.000000 0.264264 0.255515 0.362383 0.297280
 0.339426 0.379041 0.335618 0.387417 0.320731 0.339010 0.300348 0.353189
 0.317790 0.330177 0.315824 0.318286 0.338026
Wallaby    0.324917 0.307547 0.264264 0.000000 0.244329 0.361857 0.304165
 0.331067 0.331796 0.309039 0.337235 0.327003 0.307618 0.297406 0.375210
 0.307367 0.316591 0.333510 0.307843 0.309545
Bandicoot  0.331084 0.347330 0.255515 0.244329 0.000000 0.334227 0.284812
 0.328617 0.371049 0.274706 0.351970 0.328465 0.331468 0.270455 0.334169
 0.311656 0.312508 0.344828 0.301008 0.316062
Elephant   0.374543 0.400277 0.362383 0.361857 0.334227 0.000000 0.315545
 0.355523 0.331219 0.335984 0.392158 0.369276 0.336913 0.350810 0.392956
 0.333999 0.325091 0.336616 0.346140 0.330277
Aardvark   0.335315 0.321065 0.297280 0.304165 0.284812 0.315545 0.000000
 0.304149 0.314367 0.266846 0.313012 0.280569 0.263595 0.290831 0.344108
 0.294959 0.277264 0.274455 0.260243 0.311722
Tenrec     0.378826 0.372593 0.339426 0.331067 0.328617 0.355523 0.304149
 0.000000 0.377357 0.308388 0.399196 0.367436 0.335286 0.323578 0.355709
 0.325677 0.317748 0.320995 0.316313 0.337015
Sloth      0.418019 0.397916 0.379041 0.331796 0.371049 0.331219 0.314367
 0.377357 0.000000 0.271752 0.341940 0.333707 0.329063 0.330808 0.418318
 0.312925 0.306145 0.346574 0.310301 0.326186
Armadillo  0.364144 0.360286 0.335618 0.309039 0.274706 0.335984 0.266846
 0.308388 0.271752 0.000000 0.321056 0.288903 0.282603 0.267750 0.322742
 0.286981 0.290635 0.284426 0.256934 0.270001
Human      0.423735 0.396242 0.387417 0.337235 0.351970 0.392158 0.313012
 0.399196 0.341940 0.321056 0.000000 0.353668 0.325176 0.322991 0.399789
 0.329298 0.292707 0.326338 0.328256 0.353956
Tree_shrew 0.366492 0.342709 0.320731 0.327003 0.328465 0.369276 0.280569
 0.367436 0.333707 0.288903 0.353668 0.000000 0.315321 0.283561 0.378120
 0.286549 0.301066 0.288671 0.273841 0.330733
Rabbit     0.359596 0.348929 0.339010 0.307618 0.331468 0.336913 0.263595
 0.335286 0.329063 0.282603 0.325176 0.315321 0.000000 0.286661 0.353063
 0.281133 0.266984 0.281116 0.298401 0.302267
Mouse      0.314367 0.318683 0.300348 0.297406 0.270455 0.350810 0.290831
 0.323578 0.330808 0.267750 0.322991 0.283561 0.286661 0.000000 0.329975
 0.267160 0.266495 0.289981 0.254104 0.303851
Hedgehog   0.399386 0.410683 0.353189 0.375210 0.334169 0.392956 0.344108
 0.355709 0.418318 0.322742 0.399789 0.378120 0.353063 0.329975 0.000000
 0.346028 0.350170 0.340029 0.346864 0.389291
Flying_fox 0.350469 0.344103 0.317790 0.307367 0.311656 0.333999 0.294959
 0.325677 0.312925 0.286981 0.329298 0.286549 0.281133 0.267160 0.346028
 0.000000 0.245546 0.280824 0.228165 0.270202
Cat        0.377364 0.330120 0.330177 0.316591 0.312508 0.325091 0.277264
 0.317748 0.306145 0.290635 0.292707 0.301066 0.266984 0.266495 0.350170
 0.245546 0.000000 0.254484 0.247984 0.279787
Dog        0.389467 0.364661 0.315824 0.333510 0.344828 0.336616 0.274455
 0.320995 0.346574 0.284426 0.326338 0.288671 0.281116 0.289981 0.340029
 0.280824 0.254484 0.000000 0.237953 0.282963
Pig        0.326627 0.292367 0.318286 0.307843 0.301008 0.346140 0.260243
 0.316313 0.310301 0.256934 0.328256 0.273841 0.298401 0.254104 0.346864
 0.228165 0.247984 0.237953 0.000000 0.220361
Whale      0.363399 0.336983 0.338026 0.309545 0.316062 0.330277 0.311722
 0.337015 0.326186 0.270001 0.353956 0.330733 0.302267 0.303851 0.389291
 0.270202 0.279787 0.282963 0.220361 0.000000
   20
Platypus   0.000000 0.214885 0.343262 0.308057 0.312092 0.352811 0.314700
 0.361504 0.393424 0.343262 0.391239 0.344027 0.336735 0.298854 0.372954
 0.329525 0.350225 0.362926 0.306735 0.340494
Echidna    0.214885 0.000000 0.320057 0.292349 0.326971 0.375680 0.302784
 0.355843 0.371514 0.337737 0.369297 0.323459 0.328527 0.304099 0.387518
 0.322750 0.309381 0.344649 0.276964 0.317374
Opossum    0.343262 0.320057 0.000000 0.252878 0.245183 0.340246 0.283336
 0.318714 0.355843 0.316035 0.363553 0.306079 0.319063 0.284684 0.334989
 0.298854 0.310707 0.298854 0.298854 0.316035
Wallaby    0.308057 0.292349 0.252878 0.000000 0.234296 0.338863 0.287186
 0.313366 0.312035 0.288473 0.315082 0.310054 0.290074 0.279591 0.357255
 0.288473 0.296245 0.316035 0.288473 0.291055
Bandicoot  0.312092 0.326971 0.245183 0.234296 0.000000 0.317166 0.270414
 0.309418 0.349153 0.259098 0.327417 0.312777 0.312434 0.258009 0.317468
 0.293572 0.294880 0.324243 0.283192 0.296190
Elephant   0.352811 0.375680 0.340246 0.338863 0.317166 0.000000 0.301136
 0.337483 0.315732 0.317073 0.364985 0.350000 0.322462 0.333356 0.368458
 0.321111 0.310392 0.321111 0.325170 0.311723
Aardvark   0.314700 0.302784 0.283336 0.287186 0.270414 0.301136 0.000000
 0.291055 0.298854 0.255695 0.297847 0.266189 0.252266 0.276964 0.324100
 0.279506 0.265629 0.260645 0.247109 0.293646
Tenrec     0.361504 0.355843 0.318714 0.313366 0.309418 0.337483 0.291055
 0.000000 0.357255 0.293646 0.372186 0.348209 0.319063 0.306735 0.336362
 0.308057 0.301472 0.305416 0.298854 0.318714
Sloth      0.393424 0.371514 0.355843 0.312035 0.349153 0.315732 0.298854
 0.357255 0.000000 0.263133 0.319116 0.315387 0.312375 0.313366 0.391943
 0.298854 0.292349 0.330887 0.296245 0.308057
Armadillo  0.343262 0.337737 0.316035 0.288473 0.259098 0.317073 0.255695
 0.293646 0.263133 0.000000 0.303108 0.275013 0.268416 0.254462 0.305416
 0.273167 0.275696 0.271905 0.245891 0.255695
Human      0.391239 0.369297 0.363553 0.315082 0.327417 0.364985 0.297847
 0.372186 0.319116 0.303108 0.000000 0.331350 0.308406 0.305753 0.379457
 0.308406 0.277165 0.311069 0.308406 0.331350
Tree_shrew 0.344027 0.323459 0.306079 0.310054 0.312777 0.350000 0.266189
 0.348209 0.315387 0.275013 0.331350 0.000000 0.299500 0.269958 0.359477
 0.272481 0.285226 0.276282 0.261193 0.312716
Rabbit     0.336735 0.328527 0.319063 0.290074 0.312434 0.322462 0.252266
 0.319063 0.312375 0.268416 0.308406 0.299500 0.000000 0.272193 0.333989
 0.268416 0.253496 0.267161 0.281080 0.286206
Mouse      0.298854 0.304099 0.284684 0.279591 0.258009 0.333356 0.276964
 0.306735 0.313366 0.254462 0.305753 0.269958 0.272193 0.000000 0.312035
 0.254462 0.253232 0.275696 0.243460 0.288473
Hedgehog   0.372954 0.387518 0.334989 0.357255 0.317468 0.368458 0.324100
 0.336362 0.391943 0.305416 0.379457 0.359477 0.333989 0.312035 0.000000
 0.330887 0.330887 0.322750 0.326808 0.364350
Flying_fox 0.329525 0.322750 0.298854 0.288473 0.293572 0.321111 0.279506
 0.308057 0.298854 0.273167 0.308406 0.272481 0.268416 0.254462 0.330887
 0.000000 0.235012 0.268133 0.218398 0.255695
Cat        0.350225 0.309381 0.310707 0.296245 0.294880 0.310392 0.265629
 0.301472 0.292349 0.275696 0.277165 0.285226 0.253496 0.253232 0.330887
 0.235012 0.000000 0.247109 0.237416 0.268133
Dog        0.362926 0.344649 0.298854 0.316035 0.324243 0.321111 0.260645
 0.305416 0.330887 0.271905 0.311069 0.276282 0.267161 0.275696 0.322750
 0.268133 0.247109 0.000000 0.229036 0.273167
Pig        0.306735 0.276964 0.298854 0.288473 0.283192 0.325170 0.247109
 0.298854 0.296245 0.245891 0.308406 0.261193 0.281080 0.243460 0.326808
 0.218398 0.237416 0.229036 0.000000 0.212552
Whale      0.340494 0.317374 0.316035 0.291055 0.296190 0.311723 0.293646
 0.318714 0.308057 0.255695 0.331350 0.312716 0.286206 0.288473 0.364350
 0.255695 0.268133 0.273167 0.212552 0.000000
   20
Platypus   0.000000 0.210655 0.341616 0.300062 0.310627 0.348830 0.303615
 0.358144 0.374937 0.334890 0.378795 0.341185 0.328227 0.293655 0.361332
 0.317977 0.337445 0.356911 0.294177 0.329657
Echidna    0.210655 0.000000 0.316089 0.286490 0.322807 0.370101 0.294373
 0.347185 0.358029 0.328399 0.365265 0.320467 0.319613 0.298027 0.372289
 0.312965 0.300968 0.340581 0.269570 0.311026
Opossum    0.341616 0.316089 0.000000 0.238366 0.241884 0.339752 0.282846
 0.319174 0.340753 0.312924 0.352509 0.308581 0.312020 0.277398 0.343945
 0.293592 0.306624 0.298811 0.292914 0.311427
Wallaby    0.300062 0.286490 0.238366 0.000000 0.220888 0.328512 0.281538
 0.303467 0.309464 0.279336 0.313294 0.309146 0.282453 0.266335 0.342790
 0.283156 0.291359 0.312386 0.281278 0.289259
Bandicoot  0.310627 0.322807 0.241884 0.220888 0.000000 0.320274 0.269144
 0.306470 0.342302 0.255997 0.318561 0.316169 0.304828 0.254694 0.319333
 0.287918 0.290440 0.322610 0.278256 0.289860
Elephant   0.348830 0.370101 0.339752 0.328512 0.320274 0.000000 0.298489
 0.328384 0.308295 0.310859 0.349159 0.349095 0.317685 0.333669 0.356105
 0.321453 0.305477 0.315275 0.318750 0.305894
Aardvark   0.303615 0.294373 0.282846 0.281538 0.269144 0.298489 0.000000
 0.281441 0.287745 0.248171 0.290259 0.262539 0.241318 0.271128 0.310372
 0.269476 0.257412 0.250872 0.236161 0.283639
Tenrec     0.358144 0.347185 0.319174 0.303467 0.306470 0.328384 0.281441
 0.000000 0.330203 0.280710 0.349267 0.340960 0.304249 0.299362 0.334119
 0.287626 0.285841 0.295423 0.283249 0.305016
Sloth      0.374937 0.358029 0.340753 0.309464 0.342302 0.308295 0.287745
 0.330203 0.000000 0.259449 0.311260 0.308100 0.301410 0.303565 0.355287
 0.295324 0.286170 0.323302 0.290052 0.302756
Armadillo  0.334890 0.328399 0.312924 0.279336 0.255997 0.310859 0.248171
 0.280710 0.259449 0.000000 0.295596 0.273256 0.257227 0.252092 0.289961
 0.265300 0.266370 0.264231 0.240041 0.251087
Human      0.378795 0.365265 0.352509 0.313294 0.318561 0.349159 0.290259
 0.349267 0.311260 0.295596 0.000000 0.326994 0.298362 0.298438 0.356972
 0.305304 0.272810 0.302623 0.301244 0.327758
Tree_shrew 0.341185 0.320467 0.308581 0.309146 0.316169 0.349095 0.262539
 0.340960 0.308100 0.273256 0.326994 0.000000 0.293244 0.270459 0.349755
 0.268190 0.283167 0.274547 0.257670 0.311593
Rabbit     0.328227 0.319613 0.312020 0.282453 0.304828 0.317685 0.241318
 0.304249 0.301410 0.257227 0.298362 0.293244 0.000000 0.264048 0.314605
 0.259653 0.240240 0.255441 0.267434 0.276630
Mouse      0.293655 0.298027 0.277398 0.266335 0.254694 0.333669 0.271128
 0.299362 0.303565 0.252092 0.298438 0.270459 0.264048 0.000000 0.305114
 0.245751 0.246308 0.270776 0.241548 0.282892
Hedgehog   0.361332 0.372289 0.343945 0.342790 0.319333 0.356105 0.310372
 0.334119 0.355287 0.289961 0.356972 0.349755 0.314605 0.305114 0.000000
 0.312310 0.312820 0.311875 0.308210 0.345661
Flying_fox 0.317977 0.312965 0.293592 0.283156 0.287918 0.321453 0.269476
 0.287626 0.295324 0.265300 0.305304 0.268190 0.259653 0.245751 0.312310
 0.000000 0.225892 0.260044 0.208312 0.249249
Cat        0.337445 0.300968 0.306624 0.291359 0.290440 0.305477 0.257412
 0.285841 0.286170 0.266370 0.272810 0.283167 0.240240 0.246308 0.312820
 0.225892 0.000000 0.244329 0.230034 0.266709
Dog        0.356911 0.340581 0.298811 0.312386 0.322610 0.315275 0.250872
 0.295423 0.323302 0.264231 0.302623 0.274547 0.255441 0.270776 0.311875
 0.260044 0.244329 0.000000 0.223692 0.270277
Pig        0.294177 0.269570 0.292914 0.281278 0.278256 0.318750 0.236161
 0.283249 0.290052 0.240041 0.301244 0.257670 0.267434 0.241548 0.308210
 0.208312 0.230034 0.223692 0.000000 0.208727
Whale      0.329657 0.311026 0.311427 0.289259 0.289860 0.305894 0.283639
 0.305016 0.302756 0.251087 0.327758 0.311593 0.276630 0.282892 0.345661
 0.249249 0.266709 0.270277 0.208727 0.000000
