   20
Platypus   0.000000 0.244212 0.339549 0.329428 0.300953 0.365749 0.318413
 0.362404 0.406599 0.361894 0.418710 0.374858 0.308602 0.330871 0.415784
 0.352342 0.344798 0.414018 0.363554 0.364063
Echidna    0.244212 0.000000 0.329063 0.328235 0.348163 0.356128 0.308236
 0.337781 0.421362 0.363785 0.367522 0.374160 0.309626 0.307582 0.418656
 0.346351 0.301557 0.380747 0.279969 0.358706
Opossum    0.339549 0.329063 0.000000 0.253084 0.215588 0.350910 0.265067
 0.313095 0.361391 0.345294 0.355068 0.302693 0.295873 0.282611 0.318162
 0.269974 0.308862 0.311514 0.296498 0.309215
Wallaby    0.329428 0.328235 0.253084 0.000000 0.201840 0.310499 0.251869
 0.294244 0.286329 0.262323 0.314629 0.285684 0.230742 0.312623 0.339110
 0.288082 0.284501 0.346423 0.309675 0.321209
Bandicoot  0.300953 0.348163 0.215588 0.201840 0.000000 0.309482 0.236129
 0.291669 0.361146 0.287232 0.312981 0.321823 0.270684 0.289924 0.306018
 0.286499 0.286377 0.307228 0.296060 0.308262
Elephant   0.365749 0.356128 0.350910 0.310499 0.309482 0.000000 0.287916
 0.336165 0.284400 0.293799 0.379972 0.335836 0.307096 0.332264 0.386910
 0.325262 0.329442 0.360941 0.308372 0.318932
Aardvark   0.318413 0.308236 0.265067 0.251869 0.236129 0.287916 0.000000
 0.260848 0.291747 0.238789 0.317572 0.250311 0.214016 0.272955 0.325413
 0.279504 0.253865 0.279781 0.263510 0.311866
Tenrec     0.362404 0.337781 0.313095 0.294244 0.291669 0.336165 0.260848
 0.000000 0.398013 0.293140 0.356414 0.358579 0.279261 0.294442 0.354117
 0.310859 0.296906 0.332388 0.333215 0.345553
Sloth      0.406599 0.421362 0.361391 0.286329 0.361146 0.284400 0.291747
 0.398013 0.000000 0.281904 0.329174 0.281636 0.290718 0.350372 0.399634
 0.303575 0.279046 0.330802 0.310666 0.357760
Armadillo  0.361894 0.363785 0.345294 0.262323 0.287232 0.293799 0.238789
 0.293140 0.281904 0.000000 0.335382 0.263515 0.273541 0.235391 0.331205
 0.282642 0.272198 0.284821 0.256228 0.284997
Human      0.418710 0.367522 0.355068 0.314629 0.312981 0.379972 0.317572
 0.356414 0.329174 0.335382 0.000000 0.361803 0.306548 0.328892 0.410192
 0.359199 0.309847 0.342084 0.338413 0.367815
Tree_shrew 0.374858 0.374160 0.302693 0.285684 0.321823 0.335836 0.250311
 0.358579 0.281636 0.263515 0.361803 0.000000 0.283407 0.285045 0.324609
 0.271921 0.261878 0.251352 0.266361 0.321539
Rabbit     0.308602 0.309626 0.295873 0.230742 0.270684 0.307096 0.214016
 0.279261 0.290718 0.273541 0.306548 0.283407 0.000000 0.261057 0.331750
 0.269952 0.213382 0.292714 0.290804 0.297425
Mouse      0.330871 0.307582 0.282611 0.312623 0.289924 0.332264 0.272955
 0.294442 0.350372 0.235391 0.328892 0.285045 0.261057 0.000000 0.290503
 0.273336 0.239350 0.273470 0.264406 0.301207
Hedgehog   0.415784 0.418656 0.318162 0.339110 0.306018 0.386910 0.325413
 0.354117 0.399634 0.331205 0.410192 0.324609 0.331750 0.290503 0.000000
 0.319700 0.298202 0.322477 0.351570 0.345293
Flying_fox 0.352342 0.346351 0.269974 0.288082 0.286499 0.325262 0.279504
 0.310859 0.303575 0.282642 0.359199 0.271921 0.269952 0.273336 0.319700
 0.000000 0.235102 0.278194 0.201710 0.261916
Cat        0.344798 0.301557 0.308862 0.284501 0.286377 0.329442 0.253865
 0.296906 0.279046 0.272198 0.309847 0.261878 0.213382 0.239350 0.298202
 0.235102 0.000000 0.235925 0.241646 0.285537
Dog        0.414018 0.380747 0.311514 0.346423 0.307228 0.360941 0.279781
 0.332388 0.330802 0.284821 0.342084 0.251352 0.292714 0.273470 0.322477
 0.278194 0.235925 0.000000 0.241627 0.262997
Pig        0.363554 0.279969 0.296498 0.309675 0.296060 0.308372 0.263510
 0.333215 0.310666 0.256228 0.338413 0.266361 0.290804 0.264406 0.351570
 0.201710 0.241646 0.241627 0.000000 0.222319
Whale      0.364063 0.358706 0.309215 0.321209 0.308262 0.318932 0.311866
 0.345553 0.357760 0.284997 0.367815 0.321539 0.297425 0.301207 0.345293
 0.261916 0.285537 0.262997 0.222319 0.000000
